300 300 300 300 300 300 300 010 010 010 100 100 100 100 100 100 010 010 010 010 010 010 010 010 010 010 010 010 300 300 300 300 300 300 300 300 300 300 300 300 300 300 010 010 010 010 010 010 010 010 010 010 010 010 100 100 100 100 100 100 
300 300 300 300 300 300 300 010 010 010 100 100 100 100 100 100 010 010 010 010 010 010 010 010 010 010 010 300 300 300 300 300 300 300 300 300 300 300 300 300 300 010 010 010 010 010 010 010 010 010 010 010 010 010 010 100 100 100 100 100 
300 300 300 300 300 300 300 010 010 010 010 010 010 100 100 010 010 010 010 010 010 010 010 010 010 010 010 310 300 300 300 300 300 300 300 300 300 300 010 010 010 010 010 010 010 010 010 010 010 010 010 010 010 010 010 010 010 100 100 100 
300 300 300 300 300 300 300 010 010 010 010 010 010 010 100 010 010 010 010 010 010 010 010 010 010 010 010 310 300 010 010 010 010 300 300 300 300 010 010 010 010 010 010 010 010 010 010 010 010 010 010 010 010 010 010 010 010 200 200 100 
010 300 300 300 300 300 300 010 010 010 010 010 010 010 100 010 010 010 010 010 010 010 010 010 010 010 310 310 010 010 010 010 010 300 300 300 300 300 010 010 010 010 010 010 010 010 010 010 010 010 010 010 010 010 010 010 010 010 200 100 
010 300 300 300 300 300 300 300 010 010 010 010 010 010 010 010 010 010 010 010 300 300 300 300 310 310 310 010 010 010 010 010 010 010 300 300 300 010 010 100 100 010 010 010 010 010 010 010 010 010 010 010 010 010 010 010 010 010 200 200 
010 010 300 300 300 300 300 300 300 300 300 010 010 010 010 010 010 300 300 300 300 300 300 300 010 010 010 010 010 010 010 010 010 010 010 010 010 010 010 100 100 010 100 010 010 010 010 010 010 010 010 010 010 010 010 010 010 200 200 200 
010 010 300 300 300 300 300 300 300 300 300 300 010 010 010 300 300 300 300 300 300 300 300 010 010 010 010 010 010 010 010 010 010 010 010 010 010 010 100 100 100 100 100 100 010 010 010 010 010 010 010 010 010 010 010 010 010 010 200 200 
010 010 300 300 300 300 300 300 300 300 300 300 300 010 010 300 300 300 300 300 300 300 300 010 010 010 010 010 010 010 010 010 010 010 010 010 010 010 100 100 100 100 100 100 100 010 010 010 010 010 010 010 010 010 010 010 010 010 010 200 
010 010 300 300 300 300 300 300 300 300 300 300 300 010 010 300 300 300 300 300 300 300 300 010 010 010 010 010 010 010 010 100 100 010 010 010 010 100 100 100 100 100 100 100 100 100 100 010 010 010 010 010 010 010 010 010 010 010 010 010 
010 010 300 300 300 300 300 300 300 300 300 300 300 300 300 300 300 300 300 300 300 300 010 010 010 010 010 010 010 100 100 100 100 100 010 010 010 100 100 100 100 100 100 100 100 100 100 010 010 010 010 010 010 010 010 010 010 010 010 010 
010 010 300 300 300 300 300 300 300 300 300 300 300 300 300 300 300 300 300 300 300 300 010 010 010 010 010 010 010 100 100 100 100 010 010 010 010 010 100 100 100 100 100 100 100 100 100 100 010 010 010 010 010 010 010 010 010 010 010 010 
010 010 010 300 300 300 300 300 300 300 300 300 300 300 300 300 300 300 300 300 300 300 010 010 010 010 010 010 010 100 100 100 100 010 010 010 010 010 010 100 100 100 100 100 100 100 100 100 010 010 010 010 010 010 010 010 010 010 010 010 
010 010 010 300 300 300 300 300 300 300 300 300 300 300 300 300 300 300 300 300 300 010 010 010 010 010 010 010 010 010 100 100 010 010 010 010 010 010 010 010 100 100 100 100 100 100 100 100 010 010 010 010 010 010 010 010 010 010 010 010 
100 010 010 010 010 010 300 300 300 300 300 300 300 300 300 300 300 300 300 300 300 010 010 010 010 010 010 010 010 010 010 010 010 010 010 010 010 010 010 010 100 100 100 010 100 100 100 100 010 010 010 010 010 010 010 010 010 010 010 010 
100 010 010 010 010 010 010 300 300 300 300 300 300 300 300 300 300 300 300 300 010 010 010 010 010 010 010 010 010 010 010 010 010 010 010 010 010 010 010 010 100 100 010 010 010 110 110 010 010 010 010 010 010 010 010 010 010 010 010 010 
100 100 010 010 010 010 010 100 100 300 300 300 300 300 300 300 300 300 300 300 100 010 010 010 010 010 010 010 010 010 010 010 010 010 010 010 010 010 010 010 010 010 010 010 010 110 110 010 010 010 010 010 010 010 010 010 010 010 010 010 
100 100 100 010 010 010 100 100 100 100 100 100 100 300 300 300 300 300 300 300 100 100 010 010 010 010 010 010 010 010 010 010 010 010 010 010 010 010 010 010 010 010 010 010 010 110 110 010 010 010 010 010 010 010 010 010 010 010 010 010 
100 100 100 100 100 100 100 100 100 100 100 100 100 300 300 300 300 100 100 100 100 100 010 010 010 010 010 010 010 010 010 010 010 010 010 010 100 100 100 100 010 010 010 010 010 100 100 100 100 010 010 010 010 010 010 010 010 010 010 010 
100 100 100 100 100 100 100 100 100 100 100 100 100 300 300 100 100 100 100 100 100 100 100 100 100 100 010 010 010 010 010 010 010 010 010 100 100 100 100 100 010 010 010 010 100 100 100 100 100 100 010 010 010 010 010 010 010 010 010 010 