300 300 010 010 010 010 010 010 010 010 010 010 010 010 100 100 100 100 100 100
300 010 010 010 010 010 010 010 010 010 010 010 010 010 010 100 100 100 100 100
010 010 010 010 010 010 010 010 010 010 010 010 010 010 010 010 010 100 100 100
010 010 010 010 010 010 010 010 010 010 010 010 010 010 010 010 010 010 010 100
010 010 010 010 010 010 010 010 010 010 010 010 010 010 010 010 010 010 010 100
100 010 010 010 010 010 010 010 010 010 010 010 010 010 010 010 010 010 010 010
100 010 100 010 010 010 010 010 010 010 010 010 010 010 010 010 010 010 010 010
100 100 100 100 010 010 010 010 010 010 010 010 010 010 010 010 010 010 010 010
100 100 100 100 100 010 010 010 010 010 010 010 010 010 010 010 010 010 010 010
100 100 100 100 100 100 100 010 010 010 010 010 010 010 010 010 010 010 010 010
100 100 100 100 100 100 100 010 010 010 010 010 010 010 010 010 010 010 010 010
100 100 100 100 100 100 100 100 010 010 010 010 010 010 010 010 010 010 010 010
100 100 100 100 100 100 100 100 010 010 010 010 010 010 010 010 010 010 010 010
100 100 100 100 100 100 100 100 010 010 010 010 010 010 010 010 010 010 010 010
100 100 100 010 100 100 100 100 010 010 010 010 010 010 010 010 010 010 010 010
100 100 010 010 010 110 110 010 010 010 010 010 010 010 010 010 010 010 010 010
010 010 010 010 010 110 110 010 010 010 010 010 010 010 010 010 010 010 010 010
010 010 010 010 010 110 110 010 010 010 010 010 010 010 010 010 010 010 010 010
010 010 010 010 010 100 100 100 100 010 010 010 010 010 010 010 010 010 010 010
010 010 010 010 100 100 100 100 100 100 010 010 010 010 010 010 010 010 010 010

