010 010 010 010 010 010 010 300 300 300 300 300 300 300 300 300 300 300 300 300
010 010 010 010 010 010 010 300 300 300 300 300 300 300 300 300 300 300 300 300
010 010 010 010 010 010 010 300 300 300 300 300 300 300 300 300 300 300 010 010
010 010 010 010 010 010 010 300 010 010 010 010 010 300 300 300 300 010 010 010
010 010 010 010 010 010 010 310 010 010 010 010 010 300 300 300 300 010 010 010
300 300 300 300 300 310 310 310 010 010 010 010 010 300 300 300 300 010 010 100
300 300 300 300 010 010 010 010 010 010 010 010 010 010 010 010 010 010 010 100
300 300 300 010 010 010 010 010 010 010 010 010 010 010 010 010 010 010 100 100
300 300 300 010 010 010 010 010 010 010 010 010 010 010 010 010 010 010 100 100
300 300 300 010 010 010 010 010 010 010 010 100 100 010 010 010 010 100 100 100
300 300 010 010 010 010 010 010 010 100 100 100 100 100 010 010 010 100 100 100
300 300 010 010 010 010 010 010 010 100 100 100 100 010 010 010 010 010 100 100
300 300 010 010 010 010 010 010 010 100 100 100 100 010 010 010 010 010 010 100
300 010 010 010 010 010 010 010 010 010 100 100 010 010 010 010 010 010 010 010
300 010 010 010 010 010 010 010 010 010 010 010 010 010 010 010 010 010 010 010
010 010 010 010 010 010 010 010 010 010 010 010 010 010 010 010 010 010 010 010
100 010 010 010 010 010 010 010 010 010 010 010 010 010 010 010 010 010 010 010
100 100 010 010 010 010 010 010 010 010 010 010 010 010 010 010 010 010 010 010
100 100 010 010 010 010 010 010 010 010 010 010 010 010 010 010 100 100 100 100
100 100 100 100 100 100 010 010 010 010 010 010 010 010 010 100 100 100 100 100